M3045 4544 c-16 -8 -43 -28 -60 -44 -50 -48 -80 -54 -139 -29 -100
43 -308 35 -412 -16 l-53 -26 -51 40 c-62 49 -81 55 -125 41 -46 -15 -65 -44
-65 -101 0 -63 23 -124 65 -170 19 -22 35 -41 35 -44 0 -3 -27 -35 -61 -71
l-61 -65 8 -77 c9 -100 15 -114 79 -188 30 -34 55 -64 55 -67 0 -11 -93 -47
-190 -72 -133 -35 -164 -51 -223 -114 -48 -51 -78 -108 -92 -171 -9 -45 -17
-54 -82 -97 -97 -64 -160 -164 -188 -300 -8 -38 -31 -105 -51 -149 -31 -66
-38 -93 -42 -165 -3 -54 0 -94 7 -107 12 -22 126 -81 220 -113 66 -23 153 -24
212 -4 24 9 88 38 142 66 54 28 105 48 113 45 17 -7 19 -104 3 -156 -5 -19
-16 -89 -24 -155 -13 -119 -60 -392 -109 -638 -14 -71 -26 -139 -26 -151 0
-13 15 -36 35 -54 19 -18 37 -42 39 -55 2 -12 18 -80 35 -152 17 -71 33 -161
37 -200 6 -69 6 -70 -24 -92 -25 -19 -30 -30 -34 -79 -4 -51 -9 -61 -39 -86
-43 -37 -124 -81 -191 -104 -106 -38 -160 -125 -125 -199 24 -51 63 -59 246
-52 86 4 174 11 196 16 22 5 90 15 150 21 140 14 193 27 207 53 7 14 9 62 4
147 -10 188 -12 204 -25 229 -16 29 -9 58 35 148 41 83 46 155 19 249 -19 65
-13 74 42 74 48 0 61 20 67 105 3 41 9 109 12 151 4 47 10 74 17 71 12 -4 60
-140 83 -232 17 -72 39 -92 105 -101 65 -9 76 -25 89 -144 12 -111 39 -172
110 -252 66 -74 71 -86 57 -136 -9 -33 -8 -49 2 -75 33 -81 35 -111 12 -201
-29 -118 -28 -176 4 -215 38 -45 111 -66 230 -66 117 0 193 22 226 63 30 39
22 139 -21 247 -21 53 -36 115 -44 181 -8 69 -18 107 -29 119 -14 13 -17 36
-17 116 l0 99 80 0 c138 0 235 53 295 161 27 48 30 63 30 139 -1 163 -73 292
-234 422 -78 63 -242 168 -261 168 -5 0 -14 9 -20 20 -10 18 -4 29 40 78 28
31 62 80 76 108 19 39 37 57 82 85 122 73 220 146 284 210 55 56 76 88 123
185 31 65 57 130 57 144 0 14 -23 78 -51 142 -28 64 -63 154 -77 200 -38 119
-55 148 -130 217 -57 52 -71 72 -99 142 -56 137 -133 198 -284 224 -43 8 -103
25 -132 39 -30 13 -67 29 -82 35 -44 17 -44 38 2 80 26 24 41 47 41 61 0 13 5
49 12 80 14 70 9 92 -42 166 -40 59 -49 87 -30 99 6 4 22 28 35 55 66 130 -9
296 -110 244z m-216 -105 c17 -6 31 -16 31 -23 0 -20 82 -39 114 -27 41 16 42
14 13 -17 -27 -28 -28 -45 -1 -35 8 3 14 -1 14 -9 0 -19 23 -68 33 -68 4 0 8
7 8 15 3 28 4 33 12 41 10 11 9 52 -2 59 -13 8 28 77 43 72 16 -5 36 -48 36
-80 0 -32 -23 -82 -52 -114 -27 -29 -19 -57 38 -141 42 -64 44 -68 26 -80 -17
-11 -19 -22 -14 -82 l5 -70 -30 6 c-26 5 -30 2 -48 -37 -28 -61 -68 -85 -146
-87 -114 -3 -165 -22 -215 -80 -47 -55 -154 -79 -212 -48 -15 8 -35 17 -45 20
-19 6 -37 44 -37 79 0 33 77 55 137 39 88 -24 147 -7 194 57 13 18 27 27 36
24 11 -4 14 0 11 13 -4 22 -58 34 -58 13 0 -24 -50 -77 -80 -84 -16 -4 -54 -1
-85 5 -45 9 -56 16 -61 35 -6 24 10 44 79 96 15 11 27 27 27 34 0 21 -39 28
-80 15 -44 -15 -108 -6 -117 15 -3 8 7 35 21 61 32 58 32 74 1 108 -20 21 -33
26 -74 26 l-50 0 5 -32 c9 -49 31 -78 64 -85 35 -7 34 -3 15 -39 -28 -54 -20
-85 35 -134 58 -51 66 -85 24 -100 -14 -6 -34 -10 -45 -10 -28 0 -71 46 -69
73 1 12 1 38 0 57 l-1 35 -16 -32 c-9 -18 -19 -33 -23 -33 -3 0 -13 15 -23 33
-22 43 -33 137 -18 165 18 33 -4 27 -29 -8 -16 -23 -19 -34 -11 -43 6 -8 8
-29 4 -50 -4 -28 -2 -38 10 -43 9 -3 19 -18 22 -34 3 -16 17 -36 30 -44 14 -9
32 -31 41 -49 9 -17 22 -36 28 -40 10 -7 -51 -1 -80 8 -7 2 -18 21 -24 42 -14
44 -29 65 -40 58 -13 -8 -19 20 -16 75 1 34 -3 57 -11 66 -17 17 -6 42 36 77
30 25 71 91 71 115 0 19 36 86 54 101 12 10 13 17 6 26 -12 15 -14 14 77 62
58 31 125 43 137 25 2 -4 -2 -18 -9 -31 -12 -23 -18 -24 -76 -22 -56 2 -61 1
-50 -13 8 -9 23 -16 35 -16 35 -1 67 -31 59 -58 -3 -13 -11 -21 -17 -19 -6 3
-19 8 -28 12 -30 12 -20 -11 17 -39 20 -15 33 -31 30 -36 -10 -16 13 -20 26
-4 7 9 37 27 66 40 29 12 53 28 53 35 0 7 -7 8 -17 4 -10 -5 -33 -10 -51 -13
-29 -4 -33 -2 -30 14 4 26 83 64 133 64 34 1 75 17 75 31 0 2 -36 3 -80 1 -81
-4 -90 1 -67 31 24 34 141 48 206 26z m91 -726 c0 -23 -36 -76 -69 -102 -22
-18 -41 -36 -41 -40 0 -3 19 -5 43 -3 l42 4 -25 -27 c-45 -50 -193 -153 -294
-206 l-99 -52 5 47 c3 25 4 46 2 46 -2 0 -12 -16 -22 -36 l-19 -36 -47 53
c-25 30 -58 76 -71 103 -27 54 -34 111 -12 103 6 -2 23 -7 37 -11 l25 -7 -23
18 c-12 10 -31 25 -42 33 -14 11 -17 23 -13 42 l5 27 26 -25 c31 -28 47 -31
37 -6 -3 9 -9 31 -11 47 -4 23 1 18 22 -23 14 -30 31 -55 38 -57 6 -1 37 -11
68 -21 50 -16 64 -16 100 -5 24 7 52 13 63 15 37 4 65 17 65 31 0 22 56 58
118 76 52 15 92 20 92 12z m184 -11 c-6 -4 -14 -17 -18 -29 -4 -13 -12 -23
-17 -23 -5 0 -9 -7 -9 -15 0 -8 -4 -15 -10 -15 -5 0 -10 -5 -10 -11 0 -7 -7
-17 -17 -24 -13 -9 -13 -14 -3 -20 9 -6 11 -4 5 5 -6 10 -1 12 20 8 24 -5 36
2 82 48 61 61 97 75 42 17 -40 -43 -90 -148 -114 -238 -20 -79 -19 -214 3
-292 27 -98 122 -193 191 -193 11 0 23 -4 26 -10 9 -15 -47 -12 -88 5 -19 8
-49 26 -66 41 -37 31 -117 140 -123 169 -5 18 -6 18 -16 -5 -6 -14 -11 -18
-11 -10 -1 9 6 25 14 36 18 26 7 41 -12 16 -11 -15 -12 -13 -3 11 5 16 10 44
10 62 0 45 22 179 31 185 11 8 29 82 22 93 -3 6 -1 7 4 4 14 -9 25 35 13 47
-6 6 -13 0 -19 -15 -7 -17 -10 -19 -10 -6 -1 9 -5 17 -10 17 -12 0 -66 -49
-66 -60 0 -5 -3 -12 -7 -16 -14 -13 -8 -23 12 -21 13 1 20 8 20 22 0 15 2 17
9 6 5 -7 6 -22 3 -34 -3 -14 -1 -18 6 -13 7 4 12 3 12 -2 0 -20 -14 -20 -31 0
-17 19 -24 17 -20 -4 0 -5 -4 -8 -9 -8 -5 0 -10 6 -10 14 0 24 -18 28 -42 12
-12 -9 -19 -16 -14 -16 5 0 3 -7 -4 -15 -7 -8 -18 -15 -24 -15 -6 0 -4 5 4 10
9 6 10 10 3 10 -6 0 -19 -10 -27 -22 -9 -13 -33 -33 -54 -46 -25 -16 -30 -22
-14 -19 12 3 22 3 22 0 0 -8 -33 -32 -45 -33 -5 0 -3 5 5 10 12 8 11 10 -5 10
-28 0 -130 -66 -113 -73 7 -3 3 -6 -10 -6 -21 -1 -22 -2 -8 -17 21 -20 20 -24
-5 -24 -11 0 -18 4 -14 9 3 5 0 13 -5 16 -15 9 -62 -3 -56 -14 3 -5 -14 -8
-38 -7 -45 1 -56 8 -123 73 -18 18 -33 29 -33 25 0 -10 -24 33 -51 90 -12 27
-26 45 -32 41 -6 -4 -8 0 -4 10 4 11 -2 22 -18 33 -19 12 -25 25 -25 51 0 19
4 32 8 29 5 -3 9 10 10 29 1 36 17 75 30 75 4 0 8 -29 9 -64 3 -84 32 -159 93
-239 57 -75 94 -107 124 -107 32 0 148 59 256 130 61 40 134 102 205 174 116
117 165 159 174 150 3 -3 1 -8 -5 -12z m282 -73 c12 -20 -10 -60 -43 -75 -60
-29 -110 -98 -112 -157 -1 -13 7 -8 30 17 41 47 84 72 154 91 40 10 66 24 81
42 l21 26 31 -46 c18 -25 32 -52 32 -60 0 -7 -14 -30 -31 -50 -24 -28 -39 -37
-63 -37 -38 0 -102 -36 -129 -72 -26 -35 -17 -45 19 -21 19 12 56 20 114 24
47 3 93 9 102 13 15 7 16 3 11 -28 -7 -44 16 -50 37 -11 7 14 16 25 20 25 4 0
23 -15 44 -32 l37 -33 -16 -32 c-12 -24 -27 -36 -56 -45 -39 -11 -42 -11 -70
20 -17 18 -38 32 -47 32 -13 0 -11 -6 11 -25 15 -14 27 -30 27 -34 0 -5 -21
-21 -46 -36 -39 -23 -84 -75 -84 -97 0 -4 21 6 47 22 82 52 133 37 133 -41 0
-52 18 -21 22 36 l3 50 49 2 c29 1 56 9 67 19 11 10 22 14 25 11 4 -3 9 -47
12 -97 3 -67 8 -90 18 -90 8 0 14 5 14 10 0 6 4 10 9 10 9 0 51 -90 51 -112 0
-7 9 -24 20 -38 27 -35 25 -54 -14 -119 -18 -31 -37 -66 -41 -78 -3 -13 -10
-23 -14 -23 -4 0 -36 23 -71 51 -45 37 -78 55 -117 64 l-54 13 58 -53 c69 -63
103 -124 96 -177 -4 -32 -43 -87 -43 -61 0 21 -93 112 -131 127 -61 25 -67 19
-21 -21 41 -38 57 -66 72 -132 7 -29 5 -37 -17 -57 -33 -31 -38 -30 -80 7 -19
16 -38 28 -41 24 -3 -3 0 -11 6 -17 15 -15 16 -63 2 -89 -6 -10 -26 -25 -44
-33 -24 -10 -38 -25 -49 -55 -11 -26 -32 -51 -59 -71 -62 -43 -80 -62 -74 -82
3 -13 -2 -18 -18 -18 -36 0 -86 20 -96 40 -9 18 10 57 37 73 7 4 13 12 13 17
0 19 -36 10 -64 -17 -27 -25 -31 -26 -55 -12 -39 22 -38 51 3 87 60 53 48 64
-34 33 l-51 -19 -15 22 c-8 13 -12 30 -8 39 7 19 67 61 117 82 37 15 37 16 21
40 -15 23 -15 25 0 31 9 3 34 -1 56 -10 53 -21 65 -20 92 7 53 50 88 107 113
184 14 44 38 96 53 115 31 41 102 91 155 109 20 7 37 17 37 22 0 14 -107 0
-146 -19 -32 -15 -35 -15 -77 10 -25 14 -59 42 -77 63 -34 38 -91 153 -104
208 -4 17 -9 38 -12 47 -4 12 2 17 22 20 48 5 41 28 -10 30 -25 0 -52 1 -58 2
-7 1 -14 -8 -16 -18 -2 -11 -9 -25 -16 -31 -6 -6 -20 -24 -31 -38 l-19 -27
-13 43 c-17 57 -16 173 2 244 21 82 80 197 117 228 27 23 38 26 100 24 38 -1
71 -6 74 -10z m-1216 -23 c0 -8 3 -16 8 -19 4 -2 1 -2 -5 -1 -8 2 -13 -7 -13
-22 0 -15 -4 -23 -11 -19 -6 4 -13 -2 -16 -14 -3 -12 -9 -21 -14 -21 -5 0 -8
-3 -8 -7 1 -5 0 -30 -1 -58 -3 -48 -3 -49 -10 -15 -4 20 -8 26 -9 14 0 -11 -4
-24 -7 -27 -12 -12 -43 -112 -44 -139 0 -15 -4 -30 -10 -33 -5 -3 -10 -15 -10
-25 0 -10 -5 -22 -12 -26 -8 -5 -10 8 -5 52 12 110 50 221 114 332 24 41 53
56 53 28z m-100 -17 c0 -5 -6 -23 -14 -41 -63 -146 -76 -182 -86 -236 -9 -45
-17 -62 -30 -64 -18 -3 -18 -5 1 -42 10 -22 19 -52 19 -67 0 -16 5 -51 11 -78
10 -46 9 -53 -10 -77 -12 -15 -21 -35 -21 -45 0 -18 -25 -49 -40 -49 -5 0 -16
8 -26 18 -10 9 -20 16 -23 15 -3 -2 -22 2 -41 7 -63 18 -151 12 -194 -13 -42
-23 -65 -57 -30 -42 115 48 179 45 263 -11 1 -2 -4 -13 -13 -26 -9 -13 -16
-43 -16 -71 0 -51 13 -57 23 -10 3 16 19 44 36 63 l29 35 10 -24 c8 -23 12
-17 43 58 33 81 66 120 89 106 17 -10 11 -39 -11 -58 -11 -10 -19 -20 -17 -23
3 -2 51 12 109 32 82 28 115 34 157 31 98 -7 108 -58 14 -71 -51 -7 -152 -49
-152 -64 0 -33 70 -42 167 -22 73 15 93 10 93 -24 0 -18 -9 -30 -32 -43 -53
-28 -101 -43 -140 -43 -43 0 -57 -14 -28 -30 21 -11 112 -4 143 12 13 7 17 5
17 -9 -1 -37 -41 -65 -135 -94 -38 -12 -174 -12 -206 -1 -27 10 -52 5 -44 -8
3 -5 -12 -18 -33 -29 -38 -19 -39 -19 -52 0 -8 10 -20 19 -27 19 -16 0 -16 -2
-3 -35 8 -22 7 -27 -15 -37 -32 -14 -56 6 -86 71 -12 25 -26 55 -32 66 -6 11
-13 52 -17 90 l-5 70 -18 -33 c-20 -36 -23 -100 -8 -149 5 -18 7 -41 4 -52 -3
-12 4 -37 16 -57 l22 -36 -28 7 c-32 8 -53 23 -53 37 0 6 -13 26 -30 45 -31
35 -38 74 -31 176 1 20 -2 37 -7 37 -20 0 -54 -90 -56 -144 -1 -60 -17 -79
-54 -65 -33 12 -37 32 -24 130 12 85 36 148 73 187 27 30 42 63 27 60 -17 -4
-14 59 6 107 14 32 17 35 36 23 11 -7 23 -22 27 -33 6 -19 6 -19 14 2 10 26
69 38 119 23 48 -14 47 -14 15 20 -15 16 -41 32 -57 35 -29 7 -29 7 -12 33 10
15 27 34 38 44 12 10 17 17 13 18 -17 0 -66 -31 -81 -51 -9 -13 -21 -19 -30
-16 -25 10 -19 22 30 62 46 38 187 100 204 90 5 -3 11 -1 14 4 6 9 -51 65 -74
73 -10 3 -7 16 7 50 12 25 26 49 32 53 7 4 29 -11 52 -37 l41 -43 -5 40 c-3
22 -8 54 -11 70 -9 41 3 54 62 74 56 19 82 22 82 10z m760 -317 c42 -1 50 1
35 9 -17 8 -17 9 5 3 14 -3 36 -7 50 -7 14 -1 23 -6 21 -12 -9 -27 -45 -90
-58 -103 -8 -8 -12 -23 -10 -34 3 -10 1 -16 -4 -12 -5 3 -9 -5 -9 -18 0 -18
-2 -20 -10 -8 -5 8 -10 12 -10 8 0 -18 -4 -24 -25 -50 -13 -15 -25 -33 -27
-40 -7 -19 -36 13 -50 54 -6 18 -19 44 -28 58 -38 56 -55 87 -66 118 -11 29
-10 33 10 37 43 9 72 11 96 5 14 -4 50 -7 80 -8z m539 -453 c28 -18 51 -36 51
-41 0 -5 -11 -30 -24 -56 -13 -26 -29 -65 -36 -87 -16 -52 -62 -143 -87 -174
-19 -23 -21 -23 -54 -8 -19 8 -44 18 -56 22 -29 8 -37 41 -29 113 6 51 12 61
65 116 32 34 70 80 84 104 15 23 29 42 31 42 3 0 27 -14 55 -31z m-212 -821
c38 -76 113 -263 113 -281 0 -14 41 -96 78 -158 19 -31 20 -38 8 -48 -11 -9
-18 -5 -36 24 -12 19 -24 35 -27 35 -2 0 -1 -24 2 -53 l7 -53 -89 -41 c-48
-23 -118 -48 -154 -57 -65 -16 -213 -21 -256 -10 -27 8 -30 24 -5 24 10 0 22
4 28 10 5 5 50 11 99 14 61 3 120 14 182 34 116 37 147 56 134 81 -6 10 -8 31
-5 47 7 35 -35 166 -49 157 -6 -4 -8 1 -4 11 9 24 -2 68 -16 59 -5 -3 -7 -1
-4 4 6 10 -4 53 -23 98 -14 32 -23 68 -25 95 0 14 -4 35 -9 48 -5 16 -3 22 6
22 8 0 28 -28 45 -62z m210 -290 c4 -7 34 -30 65 -51 77 -52 133 -116 169
-190 40 -86 39 -129 -6 -174 -31 -31 -39 -35 -73 -29 -20 3 -62 8 -93 12 -64
7 -83 28 -95 102 -6 38 -4 43 40 85 25 25 46 51 46 59 0 7 -18 46 -40 86 -39
71 -50 112 -30 112 5 0 13 -6 17 -12z m398 -196 c19 -13 36 -65 42 -129 7 -71
0 -77 -52 -43 -16 11 -40 20 -52 20 -22 0 -26 8 -37 65 -9 44 25 95 61 95 16
0 33 -4 38 -8z m-1729 -53 c27 -11 56 -18 66 -16 10 3 16 2 13 -2 -6 -10 110
-31 212 -38 77 -6 83 -5 84 13 1 15 2 15 6 3 6 -24 48 -39 93 -33 31 4 40 2
40 -8 0 -27 -149 -43 -268 -29 -56 7 -115 16 -130 20 -153 47 -188 65 -176 94
8 21 3 21 60 -4z m1253 -139 c4 -3 18 -24 31 -47 30 -55 22 -100 -25 -142 -19
-17 -35 -33 -35 -36 0 -9 62 5 77 17 26 21 43 1 43 -51 0 -65 -6 -77 -49 -106
l-36 -25 43 0 c33 0 42 -4 43 -17 0 -10 2 -29 3 -42 3 -22 1 -23 -46 -17 -59
8 -118 -7 -157 -39 l-29 -25 -16 31 c-18 37 -21 65 -6 74 17 11 11 25 -11 25
-30 0 -70 26 -96 63 l-23 31 50 21 50 21 -49 13 c-72 18 -89 42 -87 120 1 48
-3 70 -16 87 -17 21 -17 22 15 27 17 3 58 9 90 13 31 3 60 10 63 15 3 5 13 9
22 9 9 0 44 13 77 28 l60 29 3 -36 c2 -20 7 -38 11 -41z m-1139 4 c36 -8 110
-17 165 -20 55 -3 103 -11 107 -17 3 -6 9 -26 13 -45 6 -30 2 -38 -27 -63 -18
-15 -49 -31 -68 -34 -19 -4 -44 -10 -55 -14 -31 -13 78 -35 136 -28 55 7 58 1
31 -51 -21 -39 -79 -72 -128 -72 -46 0 -36 -14 22 -30 44 -13 46 -15 40 -43
-3 -16 -6 -38 -6 -47 0 -20 -16 -25 -112 -36 -56 -6 -58 -5 -68 20 -5 15 -26
36 -45 48 -29 16 -35 26 -33 47 3 22 9 27 38 29 51 5 56 17 12 30 -22 7 -45
18 -51 26 -6 7 -15 52 -20 99 -5 49 -15 97 -25 111 -19 30 -22 106 -3 106 6
-1 41 -7 77 -16z m1536 -93 c46 -28 49 -55 10 -89 -18 -15 -47 -34 -64 -41
-30 -13 -35 -12 -56 8 -45 43 -42 100 7 123 44 21 67 21 103 -1z m-1789 -657
c34 -26 63 -71 63 -99 0 -13 -17 -15 -104 -15 -123 0 -166 7 -166 27 0 27 33
71 69 92 49 28 96 27 138 -5z m533 -84 c0 -18 -38 -29 -146 -45 -60 -8 -143
-22 -184 -30 -92 -20 -374 -23 -396 -4 -32 26 -14 32 89 25 56 -3 145 -2 197
3 168 17 283 32 345 45 77 17 95 18 95 6z m1010 -19 c32 -15 80 -71 80 -93 0
-5 -17 -17 -37 -26 -55 -24 -274 -24 -320 1 -34 18 -35 28 -5 75 41 64 190 87
282 43z m-240 -162 c55 -13 199 -10 265 6 32 8 61 12 63 10 13 -12 -12 -32
-59 -50 -110 -40 -337 -14 -347 40 -3 14 1 15 20 9 12 -4 39 -11 58 -15z